{
 "cells": [
  {
   "cell_type": "code",
   "execution_count": 31,
   "metadata": {},
   "outputs": [],
   "source": [
    "# cd.. In separate cell if used\n",
    "\n",
    "from lib.network_mapper import network_mapper_function\n",
    "from lib.NR3 import NR3_function\n",
    "#from lib.computeFTreal import computeFTrealfunction\n",
    "#from lib.computeJTreal import computeJTrealfunction\n",
    "#from lib import *\n",
    "import numpy as np\n",
    "import math\n",
    "import matplotlib.pyplot as plt\n",
    "import pandas as pd\n",
    "#matplotlib inline\n",
    "fig_size = np.array([18, 6])\n",
    "plt.rcParams[\"figure.figsize\"] = fig_size\n",
    "\n",
    "# z = exp(s*T)\n",
    "\n",
    "# zoh\n",
    "# z ~ 1 + s*T\n",
    "# s ~ (z - 1)/T\n",
    "\n",
    "# bilinear transform\n",
    "# z ~ (2 + sT)/(2 - sT)\n",
    "# s ~ (2/T)(z - 1)/(z + 1)"
   ]
  },
  {
   "cell_type": "code",
   "execution_count": 32,
   "metadata": {
    "scrolled": true
   },
   "outputs": [
    {
     "name": "stdout",
     "output_type": "stream",
     "text": [
      "BASE\n",
      "Vbase: 24900.0\n",
      "Sbase: 2500000.0\n",
      "Ibase: 100.40160642570281\n",
      "Zbase: 248.00400000000002\n",
      "\n",
      "NODES\n",
      "nnode: 35\n",
      "nodelist: ['SUB', '800', '802', '806', '808', '810', '812', '814', '850', '816', '818', '820', '822', '824', '826', '828', '830', '854', '856', '852', '832', '888', '890', '858', '864', '834', '842', '844', '846', '848', '860', '836', '840', '862', '838']\n",
      "phases: ['abc', 'abc', 'abc', 'abc', 'abc', 'b', 'abc', 'abc', 'abc', 'abc', 'a', 'a', 'a', 'abc', 'b', 'abc', 'abc', 'abc', 'b', 'abc', 'abc', 'abc', 'abc', 'abc', 'a', 'abc', 'abc', 'abc', 'abc', 'abc', 'abc', 'abc', 'abc', 'abc', 'c']\n",
      "PH:\n",
      " [[1 1 1 1 1 0 1 1 1 1 1 1 1 1 0 1 1 1 0 1 1 1 1 1 1 1 1 1 1 1 1 1 1 1 0]\n",
      " [1 1 1 1 1 1 1 1 1 1 0 0 0 1 1 1 1 1 1 1 1 1 1 1 0 1 1 1 1 1 1 1 1 1 0]\n",
      " [1 1 1 1 1 0 1 1 1 1 0 0 0 1 0 1 1 1 0 1 1 1 1 1 0 1 1 1 1 1 1 1 1 1 1]]\n",
      "\n",
      "LINES\n",
      "nline: 34\n",
      "TXnode: ['SUB', '800', '802', '806', '808', '808', '812', '814', '850', '816', '818', '820', '816', '824', '824', '828', '830', '854', '854', '852', '832', '888', '832', '858', '858', '834', '842', '844', '846', '834', '860', '836', '836', '862']\n",
      "RXnode: ['800', '802', '806', '808', '810', '812', '814', '850', '816', '818', '820', '822', '824', '826', '828', '830', '854', '856', '852', '832', '888', '890', '858', '864', '834', '842', '844', '846', '848', '860', '836', '840', '862', '838']\n",
      "TXnum: [ 0  1  2  3  4  4  6  7  8  9 10 11  9 13 13 15 16 17 17 19 20 21 20 23\n",
      " 23 25 26 27 28 25 30 31 31 33]\n",
      "RXnum: [ 1  2  3  4  5  6  7  8  9 10 11 12 13 14 15 16 17 18 19 20 21 22 23 24\n",
      " 25 26 27 28 29 30 31 32 33 34]\n",
      "phases: ['abc', 'abc', 'abc', 'abc', 'b', 'abc', 'abc', 'abc', 'abc', 'a', 'a', 'a', 'abc', 'b', 'abc', 'abc', 'abc', 'b', 'abc', 'abc', 'abc', 'abc', 'abc', 'a', 'abc', 'abc', 'abc', 'abc', 'abc', 'abc', 'abc', 'abc', 'abc', 'c']\n",
      "PH:\n",
      " [[1 1 1 1 0 1 1 1 1 1 1 1 1 0 1 1 1 0 1 1 1 1 1 1 1 1 1 1 1 1 1 1 1 0]\n",
      " [1 1 1 1 1 1 1 1 1 0 0 0 1 1 1 1 1 1 1 1 1 1 1 0 1 1 1 1 1 1 1 1 1 0]\n",
      " [1 1 1 1 0 1 1 1 1 0 0 0 1 0 1 1 1 0 1 1 1 1 1 0 1 1 1 1 1 1 1 1 1 1]]\n",
      "config: ['SUB', '300', '300', '300', '303', '300', '300', '301', '301', '302', '302', '302', '301', '303', '301', '301', '301', '303', '301', '301', '301', '300', '301', '302', '301', '301', '301', '301', '301', '301', '301', '301', '301', '304']\n",
      "length: [1.6093440e+01 7.8638400e+02 5.2730400e+02 9.8237040e+03 1.7690592e+03\n",
      " 1.1430000e+04 9.0617040e+03 3.0480000e+00 9.4488000e+01 5.2120800e+02\n",
      " 1.4676120e+04 4.1879520e+03 3.1120080e+03 9.2354400e+02 2.5603200e+02\n",
      " 6.2301120e+03 1.5849600e+02 7.1109840e+03 1.1225784e+04 3.0480000e+00\n",
      " 3.0480000e+00 3.2186880e+03 1.4935200e+03 4.9377600e+02 1.7769840e+03\n",
      " 8.5344000e+01 4.1148000e+02 1.1094720e+03 1.6154400e+02 6.1569600e+02\n",
      " 8.1686400e+02 2.6212800e+02 8.5344000e+01 1.4813280e+03]\n",
      "\n",
      "NODES + LINES\n",
      "inlines:\n",
      " [[-1  0  1  2  3  4  5  6  7  8  9 10 11 12 13 14 15 16 17 18 19 20 21 22\n",
      "  23 24 25 26 27 28 29 30 31 32 33]]\n",
      "innodes:\n",
      " [[-1  0  1  2  3  4  4  6  7  8  9 10 11  9 13 13 15 16 17 17 19 20 21 20\n",
      "  23 23 25 26 27 28 25 30 31 31 33]]\n",
      "outlines:\n",
      " [[ 0  1  2  3  4 -1  6  7  8  9 10 11 -1 13 -1 15 16 17 -1 19 20 21 -1 23\n",
      "  -1 25 26 27 28 -1 30 31 -1 33 -1]\n",
      " [-1 -1 -1 -1  5 -1 -1 -1 -1 12 -1 -1 -1 14 -1 -1 -1 18 -1 -1 22 -1 -1 24\n",
      "  -1 29 -1 -1 -1 -1 -1 32 -1 -1 -1]]\n",
      "outnodes:\n",
      " [[ 1  2  3  4  5 -1  7  8  9 10 11 12 -1 14 -1 16 17 18 -1 20 21 22 -1 24\n",
      "  -1 26 27 28 29 -1 31 32 -1 34 -1]\n",
      " [-1 -1 -1 -1  6 -1 -1 -1 -1 13 -1 -1 -1 15 -1 -1 -1 19 -1 -1 23 -1 -1 25\n",
      "  -1 30 -1 -1 -1 -1 -1 33 -1 -1 -1]]\n",
      "\n",
      "CONFIGS\n",
      "nconf: 6\n",
      "conflist: ['SUB', '300', '301', '302', '303', '304']\n",
      "SUB - FZpl:\n",
      " [[2.50549482e-06+2.00439585e-05j 6.26373704e-07+1.25274741e-06j\n",
      "  6.26373704e-07+1.25274741e-06j]\n",
      " [6.26373704e-07+1.25274741e-06j 2.50549482e-06+2.00439585e-05j\n",
      "  6.26373704e-07+1.25274741e-06j]\n",
      " [6.26373704e-07+1.25274741e-06j 6.26373704e-07+1.25274741e-06j\n",
      "  2.50549482e-06+2.00439585e-05j]]\n",
      "300 - FZpl:\n",
      " [[3.34934547e-06+3.34308173e-06j 5.26404461e-07+1.44792545e-06j\n",
      "  5.33670396e-07+1.25650565e-06j]\n",
      " [5.26404461e-07+1.44792545e-06j 3.31677404e-06+3.39970592e-06j\n",
      "  5.17635229e-07+1.15027267e-06j]\n",
      " [5.33670396e-07+1.25650565e-06j 5.17635229e-07+1.15027267e-06j\n",
      "  3.33080481e-06+3.37515207e-06j]]\n",
      "301 - FZpl:\n",
      " [[4.83560500e-06+3.53650593e-06j 5.83028644e-07+1.61403976e-06j\n",
      "  5.91046227e-07+1.42587710e-06j]\n",
      " [5.83028644e-07+1.61403976e-06j 4.79977642e-06+3.57809715e-06j\n",
      "  5.73257214e-07+1.31237819e-06j]\n",
      " [5.91046227e-07+1.42587710e-06j 5.73257214e-07+1.31237819e-06j\n",
      "  4.81531049e-06+3.56005759e-06j]]\n",
      "302 - FZpl:\n",
      " [[7.01413274e-06+3.72191255e-06j 0.00000000e+00+0.00000000e+00j\n",
      "  0.00000000e+00+0.00000000e+00j]\n",
      " [0.00000000e+00+0.00000000e+00j 0.00000000e+00+0.00000000e+00j\n",
      "  0.00000000e+00+0.00000000e+00j]\n",
      " [0.00000000e+00+0.00000000e+00j 0.00000000e+00+0.00000000e+00j\n",
      "  0.00000000e+00+0.00000000e+00j]]\n",
      "303 - FZpl:\n",
      " [[0.00000000e+00+0.00000000e+00j 0.00000000e+00+0.00000000e+00j\n",
      "  0.00000000e+00+0.00000000e+00j]\n",
      " [0.00000000e+00+0.00000000e+00j 7.01413274e-06+3.72191255e-06j\n",
      "  0.00000000e+00+0.00000000e+00j]\n",
      " [0.00000000e+00+0.00000000e+00j 0.00000000e+00+0.00000000e+00j\n",
      "  0.00000000e+00+0.00000000e+00j]]\n",
      "304 - FZpl:\n",
      " [[0.00000000e+00+0.00000000e+00j 0.00000000e+00+0.00000000e+00j\n",
      "  0.00000000e+00+0.00000000e+00j]\n",
      " [0.00000000e+00+0.00000000e+00j 0.00000000e+00+0.00000000e+00j\n",
      "  0.00000000e+00+0.00000000e+00j]\n",
      " [0.00000000e+00+0.00000000e+00j 0.00000000e+00+0.00000000e+00j\n",
      "  4.81480939e-06+3.56080923e-06j]]\n",
      "\n",
      "IMPEDANCE\n",
      "0 - FZpu:\n",
      " [[4.03220305e-05+3.22576244e-04j 1.00805076e-05+2.01610153e-05j\n",
      "  1.00805076e-05+2.01610153e-05j]\n",
      " [1.00805076e-05+2.01610153e-05j 4.03220305e-05+3.22576244e-04j\n",
      "  1.00805076e-05+2.01610153e-05j]\n",
      " [1.00805076e-05+2.01610153e-05j 1.00805076e-05+2.01610153e-05j\n",
      "  4.03220305e-05+3.22576244e-04j]]\n",
      "1 - FZpu:\n",
      " [[0.00263387+0.00262895j 0.00041396+0.00113863j 0.00041967+0.0009881j ]\n",
      " [0.00041396+0.00113863j 0.00260826+0.00267347j 0.00040706+0.00090456j]\n",
      " [0.00041967+0.0009881j  0.00040706+0.00090456j 0.00261929+0.00265417j]]\n",
      "2 - FZpu:\n",
      " [[0.00176612+0.00176282j 0.00027758+0.0007635j  0.00028141+0.00066256j]\n",
      " [0.00027758+0.0007635j  0.00174895+0.00179268j 0.00027295+0.00060654j]\n",
      " [0.00028141+0.00066256j 0.00027295+0.00060654j 0.00175635+0.00177973j]]\n",
      "3 - FZpu:\n",
      " [[0.03290298+0.03284145j 0.00517124+0.01422399j 0.00524262+0.01234354j]\n",
      " [0.00517124+0.01422399j 0.03258301+0.0333977j  0.0050851 +0.01129994j]\n",
      " [0.00524262+0.01234354j 0.0050851 +0.01129994j 0.03272084+0.03315649j]]\n",
      "4 - FZpu:\n",
      " [[0.        +0.j         0.        +0.j         0.        +0.j        ]\n",
      " [0.        +0.j         0.01240842+0.00658428j 0.        +0.j        ]\n",
      " [0.        +0.j         0.        +0.j         0.        +0.j        ]]\n",
      "5 - FZpu:\n",
      " [[0.03828302+0.03821142j 0.0060168 +0.01654979j 0.00609985+0.01436186j]\n",
      " [0.0060168 +0.01654979j 0.03791073+0.03885864j 0.00591657+0.01314762j]\n",
      " [0.00609985+0.01436186j 0.00591657+0.01314762j 0.0380711 +0.03857799j]]\n",
      "6 - FZpu:\n",
      " [[0.03035078+0.03029402j 0.00477012+0.01312067j 0.00483596+0.01138608j]\n",
      " [0.00477012+0.01312067j 0.03005562+0.03080713j 0.00469066+0.01042343j]\n",
      " [0.00483596+0.01138608j 0.00469066+0.01042343j 0.03018277+0.03058463j]]\n",
      "7 - FZpu:\n",
      " [[1.47389240e-05+1.07792701e-05j 1.77707131e-06+4.91959319e-06j\n",
      "  1.80150890e-06+4.34607340e-06j]\n",
      " [1.77707131e-06+4.91959319e-06j 1.46297185e-05+1.09060401e-05j\n",
      "  1.74728799e-06+4.00012871e-06j]\n",
      " [1.80150890e-06+4.34607340e-06j 1.74728799e-06+4.00012871e-06j\n",
      "  1.46770664e-05+1.08510555e-05j]]\n",
      "8 - FZpu:\n",
      " [[4.56906645e-04+0.00033416j 5.50892105e-05+0.00015251j\n",
      "  5.58467759e-05+0.00013473j]\n",
      " [5.50892105e-05+0.00015251j 4.53521275e-04+0.00033809j\n",
      "  5.41659277e-05+0.000124j  ]\n",
      " [5.58467759e-05+0.00013473j 5.41659277e-05+0.000124j\n",
      "  4.54989058e-04+0.00033638j]]\n",
      "9 - FZpu:\n",
      " [[0.00365582+0.00193989j 0.        +0.j         0.        +0.j        ]\n",
      " [0.        +0.j         0.        +0.j         0.        +0.j        ]\n",
      " [0.        +0.j         0.        +0.j         0.        +0.j        ]]\n",
      "10 - FZpu:\n",
      " [[0.10294025+0.05462324j 0.        +0.j         0.        +0.j        ]\n",
      " [0.        +0.j         0.        +0.j         0.        +0.j        ]\n",
      " [0.        +0.j         0.        +0.j         0.        +0.j        ]]\n",
      "11 - FZpu:\n",
      " [[0.02937485+0.01558719j 0.        +0.j         0.        +0.j        ]\n",
      " [0.        +0.j         0.        +0.j         0.        +0.j        ]\n",
      " [0.        +0.j         0.        +0.j         0.        +0.j        ]]\n",
      "12 - FZpu:\n",
      " [[0.01504844+0.01100563j 0.00181439+0.0050229j  0.00183934+0.00443734j]\n",
      " [0.00181439+0.0050229j  0.01493694+0.01113507j 0.00178398+0.00408413j]\n",
      " [0.00183934+0.00443734j 0.00178398+0.00408413j 0.01498528+0.01107893j]]\n",
      "13 - FZpu:\n",
      " [[0.        +0.j         0.        +0.j         0.        +0.j        ]\n",
      " [0.        +0.j         0.00647786+0.00343735j 0.        +0.j        ]\n",
      " [0.        +0.j         0.        +0.j         0.        +0.j        ]]\n",
      "14 - FZpu:\n",
      " [[0.00123807+0.00090546j 0.00014927+0.00041325j 0.00015133+0.00036507j]\n",
      " [0.00014927+0.00041325j 0.0012289 +0.00091611j 0.00014677+0.00033601j]\n",
      " [0.00015133+0.00036507j 0.00014677+0.00033601j 0.00123287+0.00091149j]]\n",
      "15 - FZpu:\n",
      " [[0.03012636+0.02203283j 0.00363233+0.01005565j 0.00368228+0.00888337j]\n",
      " [0.00363233+0.01005565j 0.02990314+0.02229195j 0.00357146+0.00817626j]\n",
      " [0.00368228+0.00888337j 0.00357146+0.00817626j 0.02999992+0.02217956j]]\n",
      "16 - FZpu:\n",
      " [[7.66424050e-04+0.00056052j 9.24077080e-05+0.00025582j\n",
      "  9.36784629e-05+0.000226j  ]\n",
      " [9.24077080e-05+0.00025582j 7.60745364e-04+0.00056711j\n",
      "  9.08589754e-05+0.00020801j]\n",
      " [9.36784629e-05+0.000226j   9.08589754e-05+0.00020801j\n",
      "  7.63207451e-04+0.00056425j]]\n",
      "17 - FZpu:\n",
      " [[0.        +0.j         0.        +0.j         0.        +0.j        ]\n",
      " [0.        +0.j         0.04987739+0.02646646j 0.        +0.j        ]\n",
      " [0.        +0.j         0.        +0.j         0.        +0.j        ]]\n",
      "18 - FZpu:\n",
      " [[0.05428346+0.03970005j 0.00654495+0.01811886j 0.00663496+0.01600659j]\n",
      " [0.00654495+0.01811886j 0.05388125+0.04016695j 0.00643526+0.01473247j]\n",
      " [0.00663496+0.01600659j 0.00643526+0.01473247j 0.05405564+0.03996444j]]\n",
      "19 - FZpu:\n",
      " [[1.47389240e-05+1.07792701e-05j 1.77707131e-06+4.91959319e-06j\n",
      "  1.80150890e-06+4.34607340e-06j]\n",
      " [1.77707131e-06+4.91959319e-06j 1.46297185e-05+1.09060401e-05j\n",
      "  1.74728799e-06+4.00012871e-06j]\n",
      " [1.80150890e-06+4.34607340e-06j 1.74728799e-06+4.00012871e-06j\n",
      "  1.46770664e-05+1.08510555e-05j]]\n",
      "20 - FZpu:\n",
      " [[1.47389240e-05+1.07792701e-05j 1.77707131e-06+4.91959319e-06j\n",
      "  1.80150890e-06+4.34607340e-06j]\n",
      " [1.77707131e-06+4.91959319e-06j 1.46297185e-05+1.09060401e-05j\n",
      "  1.74728799e-06+4.00012871e-06j]\n",
      " [1.80150890e-06+4.34607340e-06j 1.74728799e-06+4.00012871e-06j\n",
      "  1.46770664e-05+1.08510555e-05j]]\n",
      "21 - FZpu:\n",
      " [[0.0107805 +0.01076034j 0.00169433+0.00466042j 0.00171772+0.0040443j ]\n",
      " [0.00169433+0.00466042j 0.01067566+0.01094259j 0.00166611+0.00370237j]\n",
      " [0.00171772+0.0040443j  0.00166611+0.00370237j 0.01072082+0.01086356j]]\n",
      "22 - FZpu:\n",
      " [[0.00722207+0.00528184j 0.00087076+0.0024106j  0.00088274+0.00212958j]\n",
      " [0.00087076+0.0024106j  0.00716856+0.00534396j 0.00085617+0.00196006j]\n",
      " [0.00088274+0.00212958j 0.00085617+0.00196006j 0.00719176+0.00531702j]]\n",
      "23 - FZpu:\n",
      " [[0.00346341+0.00183779j 0.        +0.j         0.        +0.j        ]\n",
      " [0.        +0.j         0.        +0.j         0.        +0.j        ]\n",
      " [0.        +0.j         0.        +0.j         0.        +0.j        ]]\n",
      "24 - FZpu:\n",
      " [[0.00859279+0.00628431j 0.00103603+0.00286812j 0.00105028+0.00253376j]\n",
      " [0.00103603+0.00286812j 0.00852913+0.00635822j 0.00101867+0.00233208j]\n",
      " [0.00105028+0.00253376j 0.00101867+0.00233208j 0.00855673+0.00632617j]]\n",
      "25 - FZpu:\n",
      " [[4.12689873e-04+0.00030182j 4.97579966e-05+0.00013775j\n",
      "  5.04422492e-05+0.00012169j]\n",
      " [4.97579966e-05+0.00013775j 4.09632119e-04+0.00030537j\n",
      "  4.89240637e-05+0.000112j  ]\n",
      " [5.04422492e-05+0.00012169j 4.89240637e-05+0.000112j\n",
      "  4.10957858e-04+0.00030383j]]\n",
      "26 - FZpu:\n",
      " [[0.00198975+0.0014552j  0.0002399 +0.00066415j 0.0002432 +0.00058672j]\n",
      " [0.0002399 +0.00066415j 0.00197501+0.00147232j 0.00023588+0.00054002j]\n",
      " [0.0002432 +0.00058672j 0.00023588+0.00054002j 0.0019814 +0.00146489j]]\n",
      "27 - FZpu:\n",
      " [[0.00536497+0.00392365j 0.00064685+0.00179073j 0.00065575+0.00158197j]\n",
      " [0.00064685+0.00179073j 0.00532522+0.0039698j  0.00063601+0.00145605j]\n",
      " [0.00065575+0.00158197j 0.00063601+0.00145605j 0.00534245+0.00394978j]]\n",
      "28 - FZpu:\n",
      " [[7.81162974e-04+0.0005713j  9.41847793e-05+0.00026074j\n",
      "  9.54799718e-05+0.00023034j]\n",
      " [9.41847793e-05+0.00026074j 7.75375082e-04+0.00057802j\n",
      "  9.26062634e-05+0.00021201j]\n",
      " [9.54799718e-05+0.00023034j 9.26062634e-05+0.00021201j\n",
      "  7.77884518e-04+0.00057511j]]\n",
      "29 - FZpu:\n",
      " [[0.00297726+0.00217741j 0.00035897+0.00099376j 0.0003639 +0.00087791j]\n",
      " [0.00035897+0.00099376j 0.0029552 +0.00220302j 0.00035295+0.00080803j]\n",
      " [0.0003639 +0.00087791j 0.00035295+0.00080803j 0.00296477+0.00219191j]]\n",
      "30 - FZpu:\n",
      " [[0.00395003+0.00288884j 0.00047626+0.00131845j 0.0004828 +0.00116475j]\n",
      " [0.00047626+0.00131845j 0.00392076+0.00292282j 0.00046827+0.00107203j]\n",
      " [0.0004828 +0.00116475j 0.00046827+0.00107203j 0.00393345+0.00290808j]]\n",
      "31 - FZpu:\n",
      " [[0.00126755+0.00092702j 0.00015283+0.00042309j 0.00015493+0.00037376j]\n",
      " [0.00015283+0.00042309j 0.00125816+0.00093792j 0.00015027+0.00034401j]\n",
      " [0.00015493+0.00037376j 0.00015027+0.00034401j 0.00126223+0.00093319j]]\n",
      "32 - FZpu:\n",
      " [[4.12689873e-04+0.00030182j 4.97579966e-05+0.00013775j\n",
      "  5.04422492e-05+0.00012169j]\n",
      " [4.97579966e-05+0.00013775j 4.09632119e-04+0.00030537j\n",
      "  4.89240637e-05+0.000112j  ]\n",
      " [5.04422492e-05+0.00012169j 4.89240637e-05+0.000112j\n",
      "  4.10957858e-04+0.00030383j]]\n",
      "33 - FZpu:\n",
      " [[0.        +0.j         0.        +0.j         0.        +0.j        ]\n",
      " [0.        +0.j         0.        +0.j         0.        +0.j        ]\n",
      " [0.        +0.j         0.        +0.j         0.00713231+0.00527473j]]\n",
      "ADMITTANCE\n",
      "0 - FYpu:\n",
      " [[367.21578517-3076.3539272j   39.81857912 +197.61813339j\n",
      "   39.81857912 +197.61813339j]\n",
      " [ 39.81857912 +197.61813339j 367.21578517-3076.3539272j\n",
      "   39.81857912 +197.61813339j]\n",
      " [ 39.81857912 +197.61813339j  39.81857912 +197.61813339j\n",
      "  367.21578517-3076.3539272j ]]\n",
      "1 - FYpu:\n",
      " [[235.2308111 -186.34356038j -76.67691852 +22.68840745j\n",
      "  -61.49554975 +26.38673836j]\n",
      " [-76.67691852 +22.68840745j 228.12346476-190.49107445j\n",
      "  -51.60721489 +28.40747431j]\n",
      " [-61.49554975 +26.38673836j -51.60721489 +28.40747431j\n",
      "  223.12422027-193.71679406j]]\n",
      "2 - FYpu:\n",
      " [[ 350.80664315-277.89964497j -114.350549   +33.83589088j\n",
      "   -91.71012621 +39.35132078j]\n",
      " [-114.350549   +33.83589088j  340.20724802-284.08495496j\n",
      "   -76.96336094 +42.36490388j]\n",
      " [ -91.71012621 +39.35132078j  -76.96336094 +42.36490388j\n",
      "   332.75172734-288.89556572j]]\n",
      "3 - FYpu:\n",
      " [[18.8301425 -14.91673552j -6.13795997 +1.81619892j\n",
      "  -4.92269681 +2.11224899j]\n",
      " [-6.13795997 +1.81619892j 18.26120196-15.24874254j\n",
      "  -4.13113914 +2.27400818j]\n",
      " [-4.92269681 +2.11224899j -4.13113914 +2.27400818j\n",
      "  17.86101422-15.50696024j]]\n",
      "4 - FYpu:\n",
      " [[ 0.         +0.j          0.         +0.j\n",
      "   0.         +0.j        ]\n",
      " [ 0.         +0.j         62.88423219-33.36828966j\n",
      "   0.         +0.j        ]\n",
      " [ 0.         +0.j          0.         +0.j\n",
      "   0.         +0.j        ]]\n",
      "5 - FYpu:\n",
      " [[16.1838798 -12.82043695j -5.27537199 +1.56096243j\n",
      "  -4.23089382 +1.8154076j ]\n",
      " [-5.27537199 +1.56096243j 15.69489438-13.10578592j\n",
      "  -3.55057638 +1.95443423j]\n",
      " [-4.23089382 +1.8154076j  -3.55057638 +1.95443423j\n",
      "  15.35094635-13.32771543j]]\n",
      "6 - FYpu:\n",
      " [[20.4135719 -16.17108597j -6.65410191 +1.96892335j\n",
      "  -5.3366471  +2.28986831j]\n",
      " [-6.65410191 +1.96892335j 19.79678907-16.53101151j\n",
      "  -4.47852723 +2.46522986j]\n",
      " [-5.3366471  +2.28986831j -4.47852723 +2.46522986j\n",
      "  19.36294949-16.81094277j]]\n",
      "7 - FYpu:\n",
      " [[ 50358.4456195 -28797.07618095j -13934.64804682   +88.9027784j\n",
      "  -12050.10076053 +1318.93164623j]\n",
      " [-13934.64804682   +88.9027784j   49765.85615521-29724.27056407j\n",
      "  -10770.70144858 +2053.63618152j]\n",
      " [-12050.10076053 +1318.93164623j -10770.70144858 +2053.63618152j\n",
      "   49368.41261535-30401.77931071j]]\n",
      "8 - FYpu:\n",
      " [[1624.46598773-928.93794132j -449.5047757   +2.86783156j\n",
      "  -388.71292776 +42.54618214j]\n",
      " [-449.5047757   +2.86783156j 1605.35019856-958.84743755j\n",
      "  -347.44198221 +66.24632844j]\n",
      " [-388.71292776 +42.54618214j -347.44198221 +66.24632844j\n",
      "  1592.5294392 -980.70255841j]]\n",
      "9 - FYpu:\n",
      " [[213.43864539-113.25704866j   0.          +0.j\n",
      "    0.          +0.j        ]\n",
      " [  0.          +0.j           0.          +0.j\n",
      "    0.          +0.j        ]\n",
      " [  0.          +0.j           0.          +0.j\n",
      "    0.          +0.j        ]]\n",
      "10 - FYpu:\n",
      " [[7.58006404-4.02221294j 0.        +0.j         0.        +0.j        ]\n",
      " [0.        +0.j         0.        +0.j         0.        +0.j        ]\n",
      " [0.        +0.j         0.        +0.j         0.        +0.j        ]]\n",
      "11 - FYpu:\n",
      " [[26.56332486-14.09530955j  0.         +0.j\n",
      "   0.         +0.j        ]\n",
      " [ 0.         +0.j          0.         +0.j\n",
      "   0.         +0.j        ]\n",
      " [ 0.         +0.j          0.         +0.j\n",
      "   0.         +0.j        ]]\n",
      "12 - FYpu:\n",
      " [[ 49.32266956-28.20477589j -13.64803922 +0.08707422j\n",
      "  -11.80225344 +1.29180377j]\n",
      " [-13.64803922 +0.08707422j  48.74226852-29.11289967j\n",
      "  -10.5491689  +2.01139685j]\n",
      " [-11.80225344 +1.29180377j -10.5491689  +2.01139685j\n",
      "   48.35299962-29.77647337j]]\n",
      "13 - FYpu:\n",
      " [[  0.         +0.j           0.         +0.j\n",
      "    0.         +0.j        ]\n",
      " [  0.         +0.j         120.45547314-63.91734429j\n",
      "    0.         +0.j        ]\n",
      " [  0.         +0.j           0.         +0.j\n",
      "    0.         +0.j        ]]\n",
      "14 - FYpu:\n",
      " [[ 599.50530499-342.82233549j -165.88866722  +1.05836641j\n",
      "  -143.45358048 +15.70156722j]\n",
      " [-165.88866722  +1.05836641j  592.45066851-353.86036386j\n",
      "  -128.22263629 +24.44804978j]\n",
      " [-143.45358048 +15.70156722j -128.22263629 +24.44804978j\n",
      "   587.7191978 -361.92594418j]]\n",
      "15 - FYpu:\n",
      " [[24.63720431-14.08858913j -6.81734249 +0.04349451j\n",
      "  -5.89535262 +0.64526989j]\n",
      " [-6.81734249 +0.04349451j 24.34728775-14.54220673j\n",
      "  -5.26942341 +1.00471437j]\n",
      " [-5.89535262 +0.64526989j -5.26942341 +1.00471437j\n",
      "  24.15284375-14.87366894j]]\n",
      "16 - FYpu:\n",
      " [[ 968.43164653-553.78992656j -267.9740009   +1.70966882j\n",
      "  -231.73270693 +25.36407012j]\n",
      " [-267.9740009   +1.70966882j  957.03569529-571.62058777j\n",
      "  -207.12887401 +39.49300349j]\n",
      " [-231.73270693 +25.36407012j -207.12887401 +39.49300349j\n",
      "   949.3925503 -584.64960213j]]\n",
      "17 - FYpu:\n",
      " [[ 0.        +0.j          0.        +0.j          0.        +0.j        ]\n",
      " [ 0.        +0.j         15.64423847-8.30130961j  0.        +0.j        ]\n",
      " [ 0.        +0.j          0.        +0.j          0.        +0.j        ]]\n",
      "18 - FYpu:\n",
      " [[13.67321358-7.81891832j -3.78350476+0.02413869j -3.27181666+0.3581134j ]\n",
      " [-3.78350476+0.02413869j 13.512315  -8.07066809j -2.92443699+0.55759875j]\n",
      " [-3.27181666+0.3581134j  -2.92443699+0.55759875j 13.40440201-8.25462376j]]\n",
      "19 - FYpu:\n",
      " [[ 50358.4456195 -28797.07618095j -13934.64804682   +88.9027784j\n",
      "  -12050.10076053 +1318.93164623j]\n",
      " [-13934.64804682   +88.9027784j   49765.85615521-29724.27056407j\n",
      "  -10770.70144858 +2053.63618152j]\n",
      " [-12050.10076053 +1318.93164623j -10770.70144858 +2053.63618152j\n",
      "   49368.41261535-30401.77931071j]]\n",
      "20 - FYpu:\n",
      " [[ 50358.4456195 -28797.07618095j -13934.64804682   +88.9027784j\n",
      "  -12050.10076053 +1318.93164623j]\n",
      " [-13934.64804682   +88.9027784j   49765.85615521-29724.27056407j\n",
      "  -10770.70144858 +2053.63618152j]\n",
      " [-12050.10076053 +1318.93164623j -10770.70144858 +2053.63618152j\n",
      "   49368.41261535-30401.77931071j]]\n",
      "21 - FYpu:\n",
      " [[ 57.47116408-45.52711987j -18.73356532 +5.54319046j\n",
      "  -15.0244809  +6.44675994j]\n",
      " [-18.73356532 +5.54319046j  55.73471014-46.54043296j\n",
      "  -12.60858091 +6.94046247j]\n",
      " [-15.0244809  +6.44675994j -12.60858091 +6.94046247j\n",
      "   54.51330382-47.32853491j]]\n",
      "22 - FYpu:\n",
      " [[102.772338  -58.76954323j -28.43805724 +0.18143424j\n",
      "  -24.59204237 +2.69169724j]\n",
      " [-28.43805724 +0.18143424j 101.56297175-60.66177666j\n",
      "  -21.98102336 +4.19109425j]\n",
      " [-24.59204237 +2.69169724j -21.98102336 +4.19109425j\n",
      "  100.75186248-62.04444757j]]\n",
      "23 - FYpu:\n",
      " [[225.29634791-119.54910692j   0.          +0.j\n",
      "    0.          +0.j        ]\n",
      " [  0.          +0.j           0.          +0.j\n",
      "    0.          +0.j        ]\n",
      " [  0.          +0.j           0.          +0.j\n",
      "    0.          +0.j        ]]\n",
      "24 - FYpu:\n",
      " [[ 86.37812285-49.39464182j -23.90162615 +0.1524919j\n",
      "  -20.66912652 +2.26231843j]\n",
      " [-23.90162615 +0.1524919j   85.36167437-50.9850267j\n",
      "  -18.47461655 +3.52253204j]\n",
      " [-20.66912652 +2.26231843j -18.47461655 +3.52253204j\n",
      "   84.67995303-52.14713432j]]\n",
      "25 - FYpu:\n",
      " [[1798.51591498-1028.46700646j -497.66600167   +3.17509923j\n",
      "  -430.36074145  +47.10470165j]\n",
      " [-497.66600167   +3.17509923j 1777.35200554-1061.58109157j\n",
      "  -384.66790888  +73.34414934j]\n",
      " [-430.36074145  +47.10470165j -384.66790888  +73.34414934j\n",
      "  1763.15759341-1085.77783253j]]\n",
      "26 - FYpu:\n",
      " [[ 373.02552311-213.31167541j -103.21961516  +0.6585391j\n",
      "   -89.26000563  +9.76986405j]\n",
      " [-103.21961516  +0.6585391j   368.63597152-220.17978196j\n",
      "   -79.78297369 +15.21211986j]\n",
      " [ -89.26000563  +9.76986405j  -79.78297369 +15.21211986j\n",
      "   365.6919453 -225.19836526j]]\n",
      "27 - FYpu:\n",
      " [[138.34737808-79.11284665j -38.28200013 +0.2442384j\n",
      "  -33.10467242 +3.62343859j]\n",
      " [-38.28200013 +0.2442384j  136.71938504-81.66008397j\n",
      "  -29.58983914 +5.64185764j]\n",
      " [-33.10467242 +3.62343859j -29.58983914 +5.64185764j\n",
      "  135.62750719-83.52137173j]]\n",
      "28 - FYpu:\n",
      " [[ 950.15935131-543.34106002j -262.91788768  +1.67741091j\n",
      "  -227.36039171 +24.88550276j]\n",
      " [-262.91788768  +1.67741091j  938.97841802-560.83529366j\n",
      "  -203.22078205 +38.74785248j]\n",
      " [-227.36039171 +24.88550276j -203.22078205 +38.74785248j\n",
      "   931.47948331-573.61847756j]]\n",
      "29 - FYpu:\n",
      " [[249.29923574-142.55978307j -68.98340617  +0.44011276j\n",
      "  -59.65396416  +6.52936459j]\n",
      " [-68.98340617  +0.44011276j 246.36562453-147.14985428j\n",
      "  -53.3203042  +10.16651575j]\n",
      " [-59.65396416  +6.52936459j -53.3203042  +10.16651575j\n",
      "  244.39808225-150.50385797j]]\n",
      "30 - FYpu:\n",
      " [[187.90464783-107.45177679j -51.9949554   +0.33172679j\n",
      "  -44.96306254  +4.92138674j]\n",
      " [-51.9949554   +0.33172679j 185.69349312-110.91145733j\n",
      "  -40.18918451  +7.66282157j]\n",
      " [-44.96306254  +4.92138674j -40.18918451  +7.66282157j\n",
      "  184.21049483-113.43947504j]]\n",
      "31 - FYpu:\n",
      " [[ 585.56332116-334.84972303j -162.03079124  +1.03375324j\n",
      "  -140.1174507  +15.33641449j]\n",
      " [-162.03079124  +1.03375324j  578.67274599-345.63105307j\n",
      "  -125.24071452 +23.87949048j]\n",
      " [-140.1174507  +15.33641449j -125.24071452 +23.87949048j\n",
      "   574.05130948-353.50906175j]]\n",
      "32 - FYpu:\n",
      " [[1798.51591498-1028.46700646j -497.66600167   +3.17509923j\n",
      "  -430.36074145  +47.10470165j]\n",
      " [-497.66600167   +3.17509923j 1777.35200554-1061.58109157j\n",
      "  -384.66790888  +73.34414934j]\n",
      " [-430.36074145  +47.10470165j -384.66790888  +73.34414934j\n",
      "  1763.15759341-1085.77783253j]]\n",
      "33 - FYpu:\n",
      " [[ 0.         +0.j          0.         +0.j\n",
      "   0.         +0.j        ]\n",
      " [ 0.         +0.j          0.         +0.j\n",
      "   0.         +0.j        ]\n",
      " [ 0.         +0.j          0.         +0.j\n",
      "  90.63508902-67.02949915j]]\n",
      "\n",
      "LOADS\n",
      "aPQ:\n",
      " [[0. 0. 0. 0. 0. 0. 0. 0. 0. 0. 0. 1. 0. 0. 0. 1. 0. 0. 0. 0. 0. 0. 0. 1.\n",
      "  0. 0. 1. 0. 0. 1. 0. 0. 0. 0. 0.]\n",
      " [0. 0. 1. 0. 0. 0. 0. 0. 0. 0. 0. 0. 0. 0. 0. 0. 0. 1. 0. 0. 0. 0. 0. 1.\n",
      "  0. 0. 0. 1. 1. 1. 0. 0. 0. 1. 0.]\n",
      " [0. 0. 1. 0. 0. 0. 0. 0. 0. 0. 0. 0. 0. 1. 0. 0. 0. 0. 0. 0. 0. 0. 0. 1.\n",
      "  0. 0. 0. 1. 0. 1. 0. 0. 0. 0. 0.]]\n",
      "aI:\n",
      " [[0. 0. 0. 0. 0. 0. 0. 0. 0. 0. 0. 0. 0. 0. 0. 0. 0. 0. 0. 0. 0. 0. 1. 0.\n",
      "  0. 0. 0. 0. 0. 0. 0. 0. 1. 0. 0.]\n",
      " [0. 0. 0. 0. 1. 0. 0. 0. 0. 1. 0. 0. 0. 1. 0. 0. 0. 0. 0. 0. 0. 0. 1. 0.\n",
      "  0. 0. 0. 0. 0. 0. 0. 0. 1. 0. 0.]\n",
      " [0. 0. 0. 0. 0. 0. 0. 0. 0. 0. 0. 0. 0. 0. 0. 0. 0. 0. 0. 0. 0. 0. 1. 0.\n",
      "  0. 0. 0. 0. 0. 0. 0. 0. 1. 0. 0.]]\n",
      "aZ:\n",
      " [[0. 0. 0. 0. 0. 0. 0. 0. 0. 0. 1. 0. 0. 0. 0. 0. 1. 0. 0. 0. 1. 0. 0. 0.\n",
      "  0. 1. 0. 1. 0. 0. 1. 1. 0. 0. 0.]\n",
      " [0. 0. 0. 0. 0. 0. 0. 0. 0. 0. 0. 0. 0. 0. 0. 0. 1. 0. 0. 0. 1. 0. 0. 0.\n",
      "  0. 1. 0. 0. 0. 0. 1. 1. 0. 0. 0.]\n",
      " [0. 0. 0. 0. 0. 0. 0. 0. 0. 0. 0. 0. 0. 0. 0. 0. 1. 0. 0. 0. 1. 0. 0. 0.\n",
      "  0. 1. 0. 0. 0. 0. 1. 0. 0. 0. 0.]]\n",
      "ppu:\n",
      " [[0.     0.     0.     0.     0.     0.     0.     0.     0.     0.\n",
      "  0.0136 0.054  0.     0.     0.     0.0028 0.004  0.     0.     0.\n",
      "  0.0028 0.     0.06   0.0016 0.     0.0064 0.0036 0.054  0.     0.008\n",
      "  0.012  0.0072 0.0036 0.     0.    ]\n",
      " [0.     0.     0.012  0.     0.0064 0.     0.     0.     0.     0.002\n",
      "  0.     0.     0.     0.016  0.     0.     0.004  0.0016 0.     0.\n",
      "  0.0008 0.     0.06   0.006  0.     0.008  0.     0.01   0.0092 0.008\n",
      "  0.004  0.0088 0.0036 0.0112 0.    ]\n",
      " [0.     0.     0.012  0.     0.     0.     0.     0.     0.     0.\n",
      "  0.     0.     0.     0.0016 0.     0.     0.004  0.     0.     0.\n",
      "  0.0024 0.     0.06   0.0052 0.     0.044  0.     0.008  0.     0.008\n",
      "  0.0168 0.     0.0036 0.     0.    ]]\n",
      "qpu:\n",
      " [[0.     0.     0.     0.     0.     0.     0.     0.     0.     0.\n",
      "  0.0068 0.028  0.     0.     0.     0.0012 0.002  0.     0.     0.\n",
      "  0.0012 0.     0.03   0.0008 0.     0.0032 0.002  0.042  0.     0.0064\n",
      "  0.006  0.0036 0.0028 0.     0.    ]\n",
      " [0.     0.     0.006  0.     0.0032 0.     0.     0.     0.     0.0008\n",
      "  0.     0.     0.     0.008  0.     0.     0.002  0.0008 0.     0.\n",
      "  0.0004 0.     0.03   0.0032 0.     0.004  0.     0.0048 0.0044 0.0064\n",
      "  0.0024 0.0044 0.0028 0.0056 0.    ]\n",
      " [0.     0.     0.006  0.     0.     0.     0.     0.     0.     0.\n",
      "  0.     0.     0.     0.0008 0.     0.     0.002  0.     0.     0.\n",
      "  0.0012 0.     0.03   0.0028 0.     0.022  0.     0.0044 0.     0.0064\n",
      "  0.0088 0.     0.0028 0.     0.    ]]\n",
      "spu:\n",
      " [[0.    +0.j     0.    +0.j     0.    +0.j     0.    +0.j\n",
      "  0.    +0.j     0.    +0.j     0.    +0.j     0.    +0.j\n",
      "  0.    +0.j     0.    +0.j     0.0136+0.0068j 0.054 +0.028j\n",
      "  0.    +0.j     0.    +0.j     0.    +0.j     0.0028+0.0012j\n",
      "  0.004 +0.002j  0.    +0.j     0.    +0.j     0.    +0.j\n",
      "  0.0028+0.0012j 0.    +0.j     0.06  +0.03j   0.0016+0.0008j\n",
      "  0.    +0.j     0.0064+0.0032j 0.0036+0.002j  0.054 +0.042j\n",
      "  0.    +0.j     0.008 +0.0064j 0.012 +0.006j  0.0072+0.0036j\n",
      "  0.0036+0.0028j 0.    +0.j     0.    +0.j    ]\n",
      " [0.    +0.j     0.    +0.j     0.012 +0.006j  0.    +0.j\n",
      "  0.0064+0.0032j 0.    +0.j     0.    +0.j     0.    +0.j\n",
      "  0.    +0.j     0.002 +0.0008j 0.    +0.j     0.    +0.j\n",
      "  0.    +0.j     0.016 +0.008j  0.    +0.j     0.    +0.j\n",
      "  0.004 +0.002j  0.0016+0.0008j 0.    +0.j     0.    +0.j\n",
      "  0.0008+0.0004j 0.    +0.j     0.06  +0.03j   0.006 +0.0032j\n",
      "  0.    +0.j     0.008 +0.004j  0.    +0.j     0.01  +0.0048j\n",
      "  0.0092+0.0044j 0.008 +0.0064j 0.004 +0.0024j 0.0088+0.0044j\n",
      "  0.0036+0.0028j 0.0112+0.0056j 0.    +0.j    ]\n",
      " [0.    +0.j     0.    +0.j     0.012 +0.006j  0.    +0.j\n",
      "  0.    +0.j     0.    +0.j     0.    +0.j     0.    +0.j\n",
      "  0.    +0.j     0.    +0.j     0.    +0.j     0.    +0.j\n",
      "  0.    +0.j     0.0016+0.0008j 0.    +0.j     0.    +0.j\n",
      "  0.004 +0.002j  0.    +0.j     0.    +0.j     0.    +0.j\n",
      "  0.0024+0.0012j 0.    +0.j     0.06  +0.03j   0.0052+0.0028j\n",
      "  0.    +0.j     0.044 +0.022j  0.    +0.j     0.008 +0.0044j\n",
      "  0.    +0.j     0.008 +0.0064j 0.0168+0.0088j 0.    +0.j\n",
      "  0.0036+0.0028j 0.    +0.j     0.    +0.j    ]]\n",
      "\n",
      "CAPS\n",
      "cappu:\n",
      " [[0.   0.   0.   0.   0.   0.   0.   0.   0.   0.   0.   0.   0.   0.\n",
      "  0.   0.   0.   0.   0.   0.   0.   0.   0.   0.   0.   0.   0.   0.04\n",
      "  0.   0.06 0.   0.   0.   0.   0.  ]\n",
      " [0.   0.   0.   0.   0.   0.   0.   0.   0.   0.   0.   0.   0.   0.\n",
      "  0.   0.   0.   0.   0.   0.   0.   0.   0.   0.   0.   0.   0.   0.04\n",
      "  0.   0.06 0.   0.   0.   0.   0.  ]\n",
      " [0.   0.   0.   0.   0.   0.   0.   0.   0.   0.   0.   0.   0.   0.\n",
      "  0.   0.   0.   0.   0.   0.   0.   0.   0.   0.   0.   0.   0.   0.04\n",
      "  0.   0.06 0.   0.   0.   0.   0.  ]]\n",
      "\n",
      "CONS\n",
      "wmaxpu:\n",
      " [[0.  0.  0.  0.  0.  0.  0.  0.  0.  0.2 0.  0.  0.2 0.  0.  0.  0.  0.\n",
      "  0.  0.  0.  0.  0.  0.  0.  0.2 0.  0.  0.  0.  0.  0.  0.  0.  0. ]\n",
      " [0.  0.  0.  0.  0.  0.  0.  0.  0.  0.2 0.  0.  0.  0.  0.2 0.  0.  0.\n",
      "  0.2 0.  0.  0.  0.  0.  0.  0.2 0.  0.  0.  0.  0.  0.  0.  0.  0. ]\n",
      " [0.  0.  0.  0.  0.  0.  0.  0.  0.  0.2 0.  0.  0.  0.  0.  0.  0.  0.\n",
      "  0.  0.  0.  0.  0.  0.  0.  0.2 0.  0.  0.  0.  0.  0.  0.  0.  0.2]]\n",
      "wpu:\n",
      " [[0. 0. 0. 0. 0. 0. 0. 0. 0. 0. 0. 0. 0. 0. 0. 0. 0. 0. 0. 0. 0. 0. 0. 0.\n",
      "  0. 0. 0. 0. 0. 0. 0. 0. 0. 0. 0.]\n",
      " [0. 0. 0. 0. 0. 0. 0. 0. 0. 0. 0. 0. 0. 0. 0. 0. 0. 0. 0. 0. 0. 0. 0. 0.\n",
      "  0. 0. 0. 0. 0. 0. 0. 0. 0. 0. 0.]\n",
      " [0. 0. 0. 0. 0. 0. 0. 0. 0. 0. 0. 0. 0. 0. 0. 0. 0. 0. 0. 0. 0. 0. 0. 0.\n",
      "  0. 0. 0. 0. 0. 0. 0. 0. 0. 0. 0.]]\n",
      "fes:\n",
      " [[0.   0.   0.   0.   0.   0.   0.   0.   0.   1.   0.   0.   1.15 0.\n",
      "  0.   0.   0.   0.   0.   0.   0.   0.   0.   0.   0.   1.   0.   0.\n",
      "  0.   0.   0.   0.   0.   0.   0.  ]\n",
      " [0.   0.   0.   0.   0.   0.   0.   0.   0.   1.05 0.   0.   0.   0.\n",
      "  1.2  0.   0.   0.   1.25 0.   0.   0.   0.   0.   0.   1.05 0.   0.\n",
      "  0.   0.   0.   0.   0.   0.   0.  ]\n",
      " [0.   0.   0.   0.   0.   0.   0.   0.   0.   1.1  0.   0.   0.   0.\n",
      "  0.   0.   0.   0.   0.   0.   0.   0.   0.   0.   0.   1.1  0.   0.\n",
      "  0.   0.   0.   0.   0.   0.   1.3 ]]\n",
      "hpfes:\n",
      " [[0. 0. 0. 0. 0. 0. 0. 0. 0. 1. 0. 0. 1. 0. 0. 0. 0. 0. 0. 0. 0. 0. 0. 0.\n",
      "  0. 1. 0. 0. 0. 0. 0. 0. 0. 0. 0.]\n",
      " [0. 0. 0. 0. 0. 0. 0. 0. 0. 1. 0. 0. 0. 0. 1. 0. 0. 0. 1. 0. 0. 0. 0. 0.\n",
      "  0. 1. 0. 0. 0. 0. 0. 0. 0. 0. 0.]\n",
      " [0. 0. 0. 0. 0. 0. 0. 0. 0. 1. 0. 0. 0. 0. 0. 0. 0. 0. 0. 0. 0. 0. 0. 0.\n",
      "  0. 1. 0. 0. 0. 0. 0. 0. 0. 0. 1.]]\n",
      "lpfes:\n",
      " [[0.  0.  0.  0.  0.  0.  0.  0.  0.  0.1 0.  0.  0.1 0.  0.  0.  0.  0.\n",
      "  0.  0.  0.  0.  0.  0.  0.  0.1 0.  0.  0.  0.  0.  0.  0.  0.  0. ]\n",
      " [0.  0.  0.  0.  0.  0.  0.  0.  0.  0.1 0.  0.  0.  0.  0.1 0.  0.  0.\n",
      "  0.1 0.  0.  0.  0.  0.  0.  0.1 0.  0.  0.  0.  0.  0.  0.  0.  0. ]\n",
      " [0.  0.  0.  0.  0.  0.  0.  0.  0.  0.1 0.  0.  0.  0.  0.  0.  0.  0.\n",
      "  0.  0.  0.  0.  0.  0.  0.  0.1 0.  0.  0.  0.  0.  0.  0.  0.  0.1]]\n",
      "kintes:\n",
      " [[ 0.  0.  0.  0.  0.  0.  0.  0.  0. -2.  0.  0. -2.  0.  0.  0.  0.  0.\n",
      "   0.  0.  0.  0.  0.  0.  0. -2.  0.  0.  0.  0.  0.  0.  0.  0.  0.]\n",
      " [ 0.  0.  0.  0.  0.  0.  0.  0.  0. -2.  0.  0.  0.  0. -2.  0.  0.  0.\n",
      "  -2.  0.  0.  0.  0.  0.  0. -2.  0.  0.  0.  0.  0.  0.  0.  0.  0.]\n",
      " [ 0.  0.  0.  0.  0.  0.  0.  0.  0. -2.  0.  0.  0.  0.  0.  0.  0.  0.\n",
      "   0.  0.  0.  0.  0.  0.  0. -2.  0.  0.  0.  0.  0.  0.  0.  0. -2.]]\n",
      "\n",
      "VVC\n",
      "state:\n",
      " [[0. 0. 0. 0. 0. 0. 0. 0. 0. 0. 0. 0. 0. 0. 0. 0. 0. 0. 0. 0. 0. 0. 0. 0.\n",
      "  0. 0. 0. 0. 0. 0. 0. 0. 0. 0. 0.]\n",
      " [0. 0. 0. 0. 0. 0. 0. 0. 0. 0. 0. 0. 0. 0. 0. 0. 0. 0. 0. 0. 0. 0. 0. 0.\n",
      "  0. 0. 0. 0. 0. 0. 0. 0. 0. 0. 0.]\n",
      " [0. 0. 0. 0. 0. 0. 0. 0. 0. 0. 0. 0. 0. 0. 0. 0. 0. 0. 0. 0. 0. 0. 0. 0.\n",
      "  0. 0. 0. 0. 0. 0. 0. 0. 0. 0. 0.]]\n",
      "type:\n",
      " [[0. 0. 0. 0. 0. 0. 0. 0. 0. 0. 0. 0. 0. 0. 0. 0. 0. 0. 0. 0. 0. 0. 0. 0.\n",
      "  0. 0. 0. 0. 0. 0. 0. 0. 0. 0. 0.]\n",
      " [0. 0. 0. 0. 0. 0. 0. 0. 0. 0. 0. 0. 0. 0. 0. 0. 0. 0. 0. 0. 0. 0. 0. 0.\n",
      "  0. 0. 0. 0. 0. 0. 0. 0. 0. 0. 0.]\n",
      " [0. 0. 0. 0. 0. 0. 0. 0. 0. 0. 0. 0. 0. 0. 0. 0. 0. 0. 0. 0. 0. 0. 0. 0.\n",
      "  0. 0. 0. 0. 0. 0. 0. 0. 0. 0. 0.]]\n",
      "Vminpu:\n",
      " [[0. 0. 0. 0. 0. 0. 0. 0. 0. 0. 0. 0. 0. 0. 0. 0. 0. 0. 0. 0. 0. 0. 0. 0.\n",
      "  0. 0. 0. 0. 0. 0. 0. 0. 0. 0. 0.]\n",
      " [0. 0. 0. 0. 0. 0. 0. 0. 0. 0. 0. 0. 0. 0. 0. 0. 0. 0. 0. 0. 0. 0. 0. 0.\n",
      "  0. 0. 0. 0. 0. 0. 0. 0. 0. 0. 0.]\n",
      " [0. 0. 0. 0. 0. 0. 0. 0. 0. 0. 0. 0. 0. 0. 0. 0. 0. 0. 0. 0. 0. 0. 0. 0.\n",
      "  0. 0. 0. 0. 0. 0. 0. 0. 0. 0. 0.]]\n",
      "Vmaxpu:\n",
      " [[0. 0. 0. 0. 0. 0. 0. 0. 0. 0. 0. 0. 0. 0. 0. 0. 0. 0. 0. 0. 0. 0. 0. 0.\n",
      "  0. 0. 0. 0. 0. 0. 0. 0. 0. 0. 0.]\n",
      " [0. 0. 0. 0. 0. 0. 0. 0. 0. 0. 0. 0. 0. 0. 0. 0. 0. 0. 0. 0. 0. 0. 0. 0.\n",
      "  0. 0. 0. 0. 0. 0. 0. 0. 0. 0. 0.]\n",
      " [0. 0. 0. 0. 0. 0. 0. 0. 0. 0. 0. 0. 0. 0. 0. 0. 0. 0. 0. 0. 0. 0. 0. 0.\n",
      "  0. 0. 0. 0. 0. 0. 0. 0. 0. 0. 0.]]\n",
      "qminpu:\n",
      " [[0. 0. 0. 0. 0. 0. 0. 0. 0. 0. 0. 0. 0. 0. 0. 0. 0. 0. 0. 0. 0. 0. 0. 0.\n",
      "  0. 0. 0. 0. 0. 0. 0. 0. 0. 0. 0.]\n",
      " [0. 0. 0. 0. 0. 0. 0. 0. 0. 0. 0. 0. 0. 0. 0. 0. 0. 0. 0. 0. 0. 0. 0. 0.\n",
      "  0. 0. 0. 0. 0. 0. 0. 0. 0. 0. 0.]\n",
